1,EMP001,4402.00,1,2024,150.00
2,EMP001,,2,2024,100.00
3,EMP001,4402.00,3,2024,300.00
4,EMP001,4402.00,4,2024,150.00
5,EMP001,4402.00,5,2024,0.00
6,EMP001,4402.00,6,2024,300.00
7,EMP001,,7,2024,200.00
8,EMP001,4402.00,8,2024,0.00
9,EMP001,4402.00,9,2024,150.00
10,EMP001,4402.00,10,2024,100.00
11,EMP001,4402.00,11,2024,0.00
12,EMP001,4402.00,12,2024,0.00
13,EMP002,3963.00,1,2024,300.00
14,EMP002,,2,2024,300.00
15,EMP002,3963.00,3,2024,0.00
16,EMP002,3963.00,4,2024,0.00
17,EMP002,3963.00,5,2024,300.00
18,EMP002,3963.00,6,2024,200.00
19,EMP002,,7,2024,150.00
20,EMP002,,8,2024,0.00
21,EMP002,3963.00,9,2024,150.00
22,EMP002,3963.00,10,2024,0.00
23,EMP002,3963.00,11,2024,0.00
24,EMP002,3963.00,12,2024,0.00
25,EMP003,3997.00,1,2024,100.00
26,EMP003,3997.00,2,2024,150.00
27,EMP003,3997.00,3,2024,100.00
28,EMP003,3997.00,4,2024,0.00
29,EMP003,,5,2024,300.00
30,EMP003,3997.00,6,2024,100.00
31,EMP003,3997.00,7,2024,100.00
32,EMP003,3997.00,8,2024,0.00
33,EMP003,3997.00,9,2024,150.00
34,EMP003,,10,2024,0.00
35,EMP003,3997.00,11,2024,0.00
36,EMP003,,12,2024,0.00
37,EMP004,2249.00,1,2024,100.00
38,EMP004,2249.00,2,2024,0.00
39,EMP004,2249.00,3,2024,100.00
40,EMP004,,4,2024,150.00
41,EMP004,2249.00,5,2024,200.00
42,EMP004,2249.00,6,2024,0.00
43,EMP004,2249.00,7,2024,0.00
44,EMP004,,8,2024,300.00
45,EMP004,2249.00,9,2024,200.00
46,EMP004,2249.00,10,2024,0.00
47,EMP004,2249.00,11,2024,100.00
48,EMP004,2249.00,12,2024,300.00
49,EMP005,4193.00,1,2024,300.00
50,EMP005,4193.00,2,2024,150.00
51,EMP005,4193.00,3,2024,100.00
52,EMP005,4193.00,4,2024,0.00
53,EMP005,4193.00,5,2024,300.00
54,EMP005,4193.00,6,2024,200.00
55,EMP005,,7,2024,200.00
56,EMP005,,8,2024,200.00
57,EMP005,4193.00,9,2024,100.00
58,EMP005,4193.00,10,2024,0.00
59,EMP005,,11,2024,0.00
60,EMP005,4193.00,12,2024,150.00
61,EMP006,4163.00,1,2024,0.00
62,EMP006,4163.00,2,2024,300.00
63,EMP006,4163.00,3,2024,150.00
64,EMP006,4163.00,4,2024,0.00
65,EMP006,4163.00,5,2024,100.00
66,EMP006,4163.00,6,2024,200.00
67,EMP006,4163.00,7,2024,200.00
68,EMP006,4163.00,8,2024,0.00
69,EMP006,4163.00,9,2024,0.00
70,EMP006,4163.00,10,2024,0.00
71,EMP006,4163.00,11,2024,0.00
72,EMP006,4163.00,12,2024,0.00
73,EMP007,848.00,1,2024,0.00
74,EMP007,848.00,2,2024,150.00
75,EMP007,848.00,3,2024,200.00
76,EMP007,848.00,4,2024,0.00
77,EMP007,848.00,5,2024,0.00
78,EMP007,848.00,6,2024,0.00
79,EMP007,848.00,7,2024,0.00
80,EMP007,848.00,8,2024,300.00
81,EMP007,848.00,9,2024,0.00
82,EMP007,848.00,10,2024,200.00
83,EMP007,848.00,11,2024,150.00
84,EMP007,848.00,12,2024,0.00
85,EMP008,,1,2024,150.00
86,EMP008,4050.00,2,2024,200.00
87,EMP008,4050.00,3,2024,150.00
88,EMP008,4050.00,4,2024,0.00
89,EMP008,4050.00,5,2024,100.00
90,EMP008,4050.00,6,2024,0.00
91,EMP008,4050.00,7,2024,0.00
92,EMP008,4050.00,8,2024,200.00
93,EMP008,4050.00,9,2024,150.00
94,EMP008,4050.00,10,2024,0.00
95,EMP008,4050.00,11,2024,150.00
96,EMP008,,12,2024,200.00
97,EMP009,3259.00,1,2024,0.00
98,EMP009,3259.00,2,2024,150.00
99,EMP009,3259.00,3,2024,300.00
100,EMP009,3259.00,4,2024,150.00
101,EMP009,3259.00,5,2024,300.00
102,EMP009,3259.00,6,2024,150.00
103,EMP009,3259.00,7,2024,200.00
104,EMP009,3259.00,8,2024,0.00
105,EMP009,3259.00,9,2024,300.00
106,EMP009,3259.00,10,2024,300.00
107,EMP009,3259.00,11,2024,0.00
108,EMP009,3259.00,12,2024,100.00
109,EMP010,,1,2024,0.00
110,EMP010,1111.00,2,2024,100.00
111,EMP010,1111.00,3,2024,200.00
112,EMP010,1111.00,4,2024,150.00
113,EMP010,1111.00,5,2024,200.00
114,EMP010,1111.00,6,2024,0.00
115,EMP010,,7,2024,150.00
116,EMP010,1111.00,8,2024,0.00
117,EMP010,1111.00,9,2024,150.00
118,EMP010,1111.00,10,2024,150.00
119,EMP010,1111.00,11,2024,100.00
120,EMP010,1111.00,12,2024,100.00
121,EMP011,3447.00,1,2024,0.00
122,EMP011,3447.00,2,2024,100.00
123,EMP011,3447.00,3,2024,150.00
124,EMP011,3447.00,4,2024,300.00
125,EMP011,,5,2024,0.00
126,EMP011,3447.00,6,2024,300.00
127,EMP011,3447.00,7,2024,0.00
128,EMP011,3447.00,8,2024,0.00
129,EMP011,3447.00,9,2024,100.00
130,EMP011,3447.00,10,2024,200.00
131,EMP011,3447.00,11,2024,150.00
132,EMP011,3447.00,12,2024,300.00
133,EMP012,,1,2024,0.00
134,EMP012,4055.00,2,2024,300.00
135,EMP012,4055.00,3,2024,200.00
136,EMP012,4055.00,4,2024,100.00
137,EMP012,4055.00,5,2024,0.00
138,EMP012,4055.00,6,2024,0.00
139,EMP012,,7,2024,200.00
140,EMP012,4055.00,8,2024,0.00
141,EMP012,4055.00,9,2024,100.00
142,EMP012,4055.00,10,2024,150.00
143,EMP012,4055.00,11,2024,0.00
144,EMP012,4055.00,12,2024,100.00
145,EMP013,2070.00,1,2024,0.00
146,EMP013,2070.00,2,2024,0.00
147,EMP013,2070.00,3,2024,300.00
148,EMP013,2070.00,4,2024,0.00
149,EMP013,2070.00,5,2024,200.00
150,EMP013,2070.00,6,2024,300.00
151,EMP013,2070.00,7,2024,300.00
152,EMP013,2070.00,8,2024,100.00
153,EMP013,2070.00,9,2024,0.00
154,EMP013,2070.00,10,2024,300.00
155,EMP013,2070.00,11,2024,100.00
156,EMP013,2070.00,12,2024,100.00
157,EMP014,3144.00,1,2024,150.00
158,EMP014,3144.00,2,2024,0.00
159,EMP014,3144.00,3,2024,0.00
160,EMP014,3144.00,4,2024,300.00
161,EMP014,3144.00,5,2024,0.00
162,EMP014,3144.00,6,2024,300.00
163,EMP014,,7,2024,300.00
164,EMP014,3144.00,8,2024,100.00
165,EMP014,3144.00,9,2024,0.00
166,EMP014,3144.00,10,2024,100.00
167,EMP014,3144.00,11,2024,0.00
168,EMP014,3144.00,12,2024,150.00
169,EMP015,1791.00,1,2024,200.00
170,EMP015,1791.00,2,2024,150.00
171,EMP015,1791.00,3,2024,300.00
172,EMP015,1791.00,4,2024,300.00
173,EMP015,1791.00,5,2024,0.00
174,EMP015,1791.00,6,2024,0.00
175,EMP015,1791.00,7,2024,0.00
176,EMP015,1791.00,8,2024,0.00
177,EMP015,1791.00,9,2024,100.00
178,EMP015,1791.00,10,2024,0.00
179,EMP015,1791.00,11,2024,0.00
180,EMP015,1791.00,12,2024,150.00
181,EMP016,2214.00,1,2024,300.00
182,EMP016,2214.00,2,2024,0.00
183,EMP016,2214.00,3,2024,0.00
184,EMP016,2214.00,4,2024,200.00
185,EMP016,,5,2024,0.00
186,EMP016,2214.00,6,2024,0.00
187,EMP016,2214.00,7,2024,150.00
188,EMP016,2214.00,8,2024,200.00
189,EMP016,2214.00,9,2024,0.00
190,EMP016,2214.00,10,2024,150.00
191,EMP016,2214.00,11,2024,0.00
192,EMP016,2214.00,12,2024,0.00
193,EMP017,,1,2024,150.00
194,EMP017,1259.00,2,2024,100.00
195,EMP017,,3,2024,200.00
196,EMP017,,4,2024,0.00
197,EMP017,1259.00,5,2024,150.00
198,EMP017,1259.00,6,2024,200.00
199,EMP017,1259.00,7,2024,0.00
200,EMP017,1259.00,8,2024,0.00
201,EMP017,1259.00,9,2024,0.00
202,EMP017,1259.00,10,2024,0.00
203,EMP017,1259.00,11,2024,200.00
204,EMP017,1259.00,12,2024,100.00
205,EMP018,815.00,1,2024,0.00
206,EMP018,815.00,2,2024,300.00
207,EMP018,815.00,3,2024,0.00
208,EMP018,815.00,4,2024,0.00
209,EMP018,815.00,5,2024,0.00
210,EMP018,815.00,6,2024,200.00
211,EMP018,815.00,7,2024,0.00
212,EMP018,815.00,8,2024,150.00
213,EMP018,815.00,9,2024,100.00
214,EMP018,815.00,10,2024,0.00
215,EMP018,815.00,11,2024,0.00
216,EMP018,815.00,12,2024,300.00
217,EMP019,1028.00,1,2024,100.00
218,EMP019,1028.00,2,2024,150.00
219,EMP019,1028.00,3,2024,0.00
220,EMP019,1028.00,4,2024,0.00
221,EMP019,1028.00,5,2024,300.00
222,EMP019,1028.00,6,2024,300.00
223,EMP019,1028.00,7,2024,150.00
224,EMP019,1028.00,8,2024,200.00
225,EMP019,1028.00,9,2024,0.00
226,EMP019,1028.00,10,2024,300.00
227,EMP019,1028.00,11,2024,0.00
228,EMP019,1028.00,12,2024,0.00
229,EMP020,2890.00,1,2024,0.00
230,EMP020,2890.00,2,2024,200.00
231,EMP020,,3,2024,0.00
232,EMP020,2890.00,4,2024,0.00
233,EMP020,2890.00,5,2024,200.00
234,EMP020,2890.00,6,2024,150.00
235,EMP020,2890.00,7,2024,0.00
236,EMP020,2890.00,8,2024,0.00
237,EMP020,2890.00,9,2024,300.00
238,EMP020,2890.00,10,2024,100.00
239,EMP020,2890.00,11,2024,0.00
240,EMP020,2890.00,12,2024,0.00
241,EMP021,830.00,1,2024,100.00
242,EMP021,830.00,2,2024,100.00
243,EMP021,830.00,3,2024,100.00
244,EMP021,830.00,4,2024,0.00
245,EMP021,830.00,5,2024,150.00
246,EMP021,830.00,6,2024,200.00
247,EMP021,830.00,7,2024,0.00
248,EMP021,830.00,8,2024,200.00
249,EMP021,830.00,9,2024,300.00
250,EMP021,830.00,10,2024,0.00
251,EMP021,830.00,11,2024,200.00
252,EMP021,830.00,12,2024,0.00
253,EMP022,2191.00,1,2024,200.00
254,EMP022,2191.00,2,2024,0.00
255,EMP022,2191.00,3,2024,0.00
256,EMP022,2191.00,4,2024,200.00
257,EMP022,2191.00,5,2024,100.00
258,EMP022,2191.00,6,2024,0.00
259,EMP022,2191.00,7,2024,0.00
260,EMP022,2191.00,8,2024,0.00
261,EMP022,2191.00,9,2024,0.00
262,EMP022,2191.00,10,2024,200.00
263,EMP022,2191.00,11,2024,200.00
264,EMP022,2191.00,12,2024,300.00
265,EMP023,2004.00,1,2024,100.00
266,EMP023,2004.00,2,2024,300.00
267,EMP023,2004.00,3,2024,0.00
268,EMP023,2004.00,4,2024,200.00
269,EMP023,2004.00,5,2024,100.00
270,EMP023,,6,2024,100.00
271,EMP023,2004.00,7,2024,0.00
272,EMP023,2004.00,8,2024,0.00
273,EMP023,2004.00,9,2024,200.00
274,EMP023,2004.00,10,2024,300.00
275,EMP023,2004.00,11,2024,300.00
276,EMP023,2004.00,12,2024,200.00
277,EMP024,,1,2024,100.00
278,EMP024,2998.00,2,2024,0.00
279,EMP024,2998.00,3,2024,100.00
280,EMP024,,4,2024,100.00
281,EMP024,2998.00,5,2024,300.00
282,EMP024,2998.00,6,2024,150.00
283,EMP024,2998.00,7,2024,100.00
284,EMP024,2998.00,8,2024,150.00
285,EMP024,2998.00,9,2024,0.00
286,EMP024,2998.00,10,2024,300.00
287,EMP024,2998.00,11,2024,100.00
288,EMP024,2998.00,12,2024,0.00
289,EMP025,3403.00,1,2024,0.00
290,EMP025,3403.00,2,2024,100.00
291,EMP025,3403.00,3,2024,300.00
292,EMP025,,4,2024,100.00
293,EMP025,3403.00,5,2024,200.00
294,EMP025,,6,2024,100.00
295,EMP025,3403.00,7,2024,150.00
296,EMP025,3403.00,8,2024,0.00
297,EMP025,,9,2024,0.00
298,EMP025,,10,2024,200.00
299,EMP025,3403.00,11,2024,0.00
300,EMP025,3403.00,12,2024,300.00
301,EMP026,1593.00,1,2024,0.00
302,EMP026,1593.00,2,2024,0.00
303,EMP026,1593.00,3,2024,200.00
304,EMP026,1593.00,4,2024,0.00
305,EMP026,1593.00,5,2024,200.00
306,EMP026,1593.00,6,2024,0.00
307,EMP026,1593.00,7,2024,0.00
308,EMP026,1593.00,8,2024,0.00
309,EMP026,1593.00,9,2024,100.00
310,EMP026,,10,2024,150.00
311,EMP026,1593.00,11,2024,300.00
312,EMP026,1593.00,12,2024,200.00
313,EMP027,926.00,1,2024,200.00
314,EMP027,926.00,2,2024,300.00
315,EMP027,926.00,3,2024,0.00
316,EMP027,926.00,4,2024,300.00
317,EMP027,926.00,5,2024,0.00
318,EMP027,926.00,6,2024,0.00
319,EMP027,926.00,7,2024,100.00
320,EMP027,926.00,8,2024,0.00
321,EMP027,926.00,9,2024,200.00
322,EMP027,926.00,10,2024,200.00
323,EMP027,926.00,11,2024,100.00
324,EMP027,926.00,12,2024,0.00
325,EMP028,,1,2024,300.00
326,EMP028,2851.00,2,2024,200.00
327,EMP028,2851.00,3,2024,300.00
328,EMP028,2851.00,4,2024,0.00
329,EMP028,2851.00,5,2024,0.00
330,EMP028,2851.00,6,2024,0.00
331,EMP028,2851.00,7,2024,100.00
332,EMP028,2851.00,8,2024,150.00
333,EMP028,2851.00,9,2024,200.00
334,EMP028,2851.00,10,2024,0.00
335,EMP028,2851.00,11,2024,300.00
336,EMP028,,12,2024,300.00
337,EMP029,,1,2024,300.00
338,EMP029,1392.00,2,2024,0.00
339,EMP029,1392.00,3,2024,150.00
340,EMP029,1392.00,4,2024,100.00
341,EMP029,1392.00,5,2024,150.00
342,EMP029,1392.00,6,2024,300.00
343,EMP029,1392.00,7,2024,200.00
344,EMP029,1392.00,8,2024,0.00
345,EMP029,1392.00,9,2024,0.00
346,EMP029,1392.00,10,2024,0.00
347,EMP029,1392.00,11,2024,0.00
348,EMP029,1392.00,12,2024,200.00
349,EMP030,4021.00,1,2024,150.00
350,EMP030,4021.00,2,2024,200.00
351,EMP030,4021.00,3,2024,150.00
352,EMP030,4021.00,4,2024,0.00
353,EMP030,4021.00,5,2024,200.00
354,EMP030,4021.00,6,2024,0.00
355,EMP030,4021.00,7,2024,200.00
356,EMP030,,8,2024,0.00
357,EMP030,4021.00,9,2024,0.00
358,EMP030,4021.00,10,2024,0.00
359,EMP030,4021.00,11,2024,0.00
360,EMP030,4021.00,12,2024,0.00
361,EMP031,4357.00,1,2024,0.00
362,EMP031,4357.00,2,2024,0.00
363,EMP031,4357.00,3,2024,0.00
364,EMP031,4357.00,4,2024,0.00
365,EMP031,4357.00,5,2024,300.00
366,EMP031,4357.00,6,2024,200.00
367,EMP031,4357.00,7,2024,200.00
368,EMP031,4357.00,8,2024,150.00
369,EMP031,4357.00,9,2024,150.00
370,EMP031,4357.00,10,2024,300.00
371,EMP031,4357.00,11,2024,100.00
372,EMP031,4357.00,12,2024,0.00
373,EMP032,1413.00,1,2024,0.00
374,EMP032,1413.00,2,2024,150.00
375,EMP032,1413.00,3,2024,150.00
376,EMP032,1413.00,4,2024,0.00
377,EMP032,1413.00,5,2024,300.00
378,EMP032,1413.00,6,2024,150.00
379,EMP032,1413.00,7,2024,150.00
380,EMP032,1413.00,8,2024,100.00
381,EMP032,1413.00,9,2024,0.00
382,EMP032,1413.00,10,2024,300.00
383,EMP032,1413.00,11,2024,0.00
384,EMP032,1413.00,12,2024,150.00
385,EMP033,2170.00,1,2024,0.00
386,EMP033,2170.00,2,2024,100.00
387,EMP033,2170.00,3,2024,100.00
388,EMP033,2170.00,4,2024,150.00
389,EMP033,2170.00,5,2024,0.00
390,EMP033,2170.00,6,2024,300.00
391,EMP033,2170.00,7,2024,200.00
392,EMP033,2170.00,8,2024,300.00
393,EMP033,2170.00,9,2024,0.00
394,EMP033,2170.00,10,2024,0.00
395,EMP033,2170.00,11,2024,0.00
396,EMP033,2170.00,12,2024,300.00
397,EMP034,3584.00,1,2024,150.00
398,EMP034,3584.00,2,2024,100.00
399,EMP034,3584.00,3,2024,100.00
400,EMP034,3584.00,4,2024,150.00
401,EMP034,3584.00,5,2024,300.00
402,EMP034,3584.00,6,2024,0.00
403,EMP034,3584.00,7,2024,0.00
404,EMP034,3584.00,8,2024,300.00
405,EMP034,3584.00,9,2024,0.00
406,EMP034,3584.00,10,2024,0.00
407,EMP034,3584.00,11,2024,0.00
408,EMP034,3584.00,12,2024,100.00
409,EMP035,4445.00,1,2024,0.00
410,EMP035,4445.00,2,2024,200.00
411,EMP035,4445.00,3,2024,0.00
412,EMP035,4445.00,4,2024,0.00
413,EMP035,4445.00,5,2024,200.00
414,EMP035,4445.00,6,2024,100.00
415,EMP035,,7,2024,0.00
416,EMP035,4445.00,8,2024,100.00
417,EMP035,4445.00,9,2024,0.00
418,EMP035,4445.00,10,2024,0.00
419,EMP035,4445.00,11,2024,0.00
420,EMP035,4445.00,12,2024,200.00
421,EMP036,2614.00,1,2024,0.00
422,EMP036,2614.00,2,2024,0.00
423,EMP036,2614.00,3,2024,0.00
424,EMP036,2614.00,4,2024,0.00
425,EMP036,2614.00,5,2024,100.00
426,EMP036,2614.00,6,2024,0.00
427,EMP036,2614.00,7,2024,300.00
428,EMP036,,8,2024,0.00
429,EMP036,2614.00,9,2024,100.00
430,EMP036,2614.00,10,2024,0.00
431,EMP036,2614.00,11,2024,100.00
432,EMP036,2614.00,12,2024,0.00
433,EMP037,3994.00,1,2024,100.00
434,EMP037,3994.00,2,2024,200.00
435,EMP037,3994.00,3,2024,150.00
436,EMP037,3994.00,4,2024,0.00
437,EMP037,3994.00,5,2024,150.00
438,EMP037,3994.00,6,2024,150.00
439,EMP037,3994.00,7,2024,200.00
440,EMP037,3994.00,8,2024,200.00
441,EMP037,3994.00,9,2024,100.00
442,EMP037,,10,2024,200.00
443,EMP037,3994.00,11,2024,200.00
444,EMP037,3994.00,12,2024,200.00
445,EMP038,1270.00,1,2024,0.00
446,EMP038,1270.00,2,2024,200.00
447,EMP038,1270.00,3,2024,200.00
448,EMP038,1270.00,4,2024,300.00
449,EMP038,1270.00,5,2024,150.00
450,EMP038,1270.00,6,2024,300.00
451,EMP038,1270.00,7,2024,100.00
452,EMP038,1270.00,8,2024,0.00
453,EMP038,1270.00,9,2024,200.00
454,EMP038,1270.00,10,2024,200.00
455,EMP038,1270.00,11,2024,100.00
456,EMP038,1270.00,12,2024,150.00
457,EMP039,,1,2024,0.00
458,EMP039,,2,2024,300.00
459,EMP039,2533.00,3,2024,0.00
460,EMP039,2533.00,4,2024,0.00
461,EMP039,2533.00,5,2024,0.00
462,EMP039,2533.00,6,2024,0.00
463,EMP039,2533.00,7,2024,150.00
464,EMP039,2533.00,8,2024,150.00
465,EMP039,2533.00,9,2024,150.00
466,EMP039,2533.00,10,2024,0.00
467,EMP039,2533.00,11,2024,0.00
468,EMP039,,12,2024,300.00
469,EMP040,3188.00,1,2024,150.00
470,EMP040,3188.00,2,2024,0.00
471,EMP040,3188.00,3,2024,0.00
472,EMP040,3188.00,4,2024,0.00
473,EMP040,3188.00,5,2024,100.00
474,EMP040,3188.00,6,2024,200.00
475,EMP040,3188.00,7,2024,0.00
476,EMP040,,8,2024,200.00
477,EMP040,3188.00,9,2024,300.00
478,EMP040,3188.00,10,2024,0.00
479,EMP040,3188.00,11,2024,0.00
480,EMP040,3188.00,12,2024,200.00
481,EMP041,3608.00,1,2024,0.00
482,EMP041,,2,2024,0.00
483,EMP041,3608.00,3,2024,200.00
484,EMP041,3608.00,4,2024,100.00
485,EMP041,3608.00,5,2024,150.00
486,EMP041,,6,2024,0.00
487,EMP041,3608.00,7,2024,150.00
488,EMP041,,8,2024,300.00
489,EMP041,3608.00,9,2024,200.00
490,EMP041,3608.00,10,2024,0.00
491,EMP041,3608.00,11,2024,200.00
492,EMP041,,12,2024,200.00
493,EMP042,1118.00,1,2024,200.00
494,EMP042,1118.00,2,2024,100.00
495,EMP042,1118.00,3,2024,0.00
496,EMP042,1118.00,4,2024,300.00
497,EMP042,1118.00,5,2024,0.00
498,EMP042,1118.00,6,2024,150.00
499,EMP042,1118.00,7,2024,150.00
500,EMP042,1118.00,8,2024,100.00
501,EMP042,1118.00,9,2024,0.00
502,EMP042,1118.00,10,2024,150.00
503,EMP042,1118.00,11,2024,150.00
504,EMP042,1118.00,12,2024,100.00
505,EMP043,3246.00,1,2024,200.00
506,EMP043,3246.00,2,2024,150.00
507,EMP043,,3,2024,200.00
508,EMP043,3246.00,4,2024,100.00
509,EMP043,3246.00,5,2024,0.00
510,EMP043,,6,2024,300.00
511,EMP043,3246.00,7,2024,100.00
512,EMP043,3246.00,8,2024,150.00
513,EMP043,3246.00,9,2024,300.00
514,EMP043,3246.00,10,2024,200.00
515,EMP043,3246.00,11,2024,300.00
516,EMP043,3246.00,12,2024,200.00
517,EMP044,3297.00,1,2024,200.00
518,EMP044,3297.00,2,2024,150.00
519,EMP044,3297.00,3,2024,0.00
520,EMP044,3297.00,4,2024,0.00
521,EMP044,3297.00,5,2024,150.00
522,EMP044,3297.00,6,2024,0.00
523,EMP044,3297.00,7,2024,0.00
524,EMP044,3297.00,8,2024,200.00
525,EMP044,3297.00,9,2024,100.00
526,EMP044,3297.00,10,2024,0.00
527,EMP044,,11,2024,300.00
528,EMP044,3297.00,12,2024,150.00
529,EMP045,1781.00,1,2024,150.00
530,EMP045,1781.00,2,2024,0.00
531,EMP045,1781.00,3,2024,0.00
532,EMP045,1781.00,4,2024,0.00
533,EMP045,1781.00,5,2024,0.00
534,EMP045,1781.00,6,2024,300.00
535,EMP045,1781.00,7,2024,100.00
536,EMP045,1781.00,8,2024,0.00
537,EMP045,1781.00,9,2024,150.00
538,EMP045,1781.00,10,2024,100.00
539,EMP045,1781.00,11,2024,200.00
540,EMP045,1781.00,12,2024,200.00
541,EMP046,3295.00,1,2024,300.00
542,EMP046,3295.00,2,2024,100.00
543,EMP046,3295.00,3,2024,300.00
544,EMP046,3295.00,4,2024,0.00
545,EMP046,,5,2024,0.00
546,EMP046,,6,2024,0.00
547,EMP046,3295.00,7,2024,0.00
548,EMP046,3295.00,8,2024,300.00
549,EMP046,3295.00,9,2024,0.00
550,EMP046,3295.00,10,2024,150.00
551,EMP046,3295.00,11,2024,0.00
552,EMP046,3295.00,12,2024,150.00
553,EMP047,3108.00,1,2024,150.00
554,EMP047,3108.00,2,2024,300.00
555,EMP047,,3,2024,200.00
556,EMP047,3108.00,4,2024,0.00
557,EMP047,3108.00,5,2024,300.00
558,EMP047,3108.00,6,2024,100.00
559,EMP047,3108.00,7,2024,200.00
560,EMP047,3108.00,8,2024,150.00
561,EMP047,3108.00,9,2024,300.00
562,EMP047,3108.00,10,2024,100.00
563,EMP047,,11,2024,0.00
564,EMP047,3108.00,12,2024,0.00
565,EMP048,1764.00,1,2024,300.00
566,EMP048,1764.00,2,2024,150.00
567,EMP048,1764.00,3,2024,0.00
568,EMP048,1764.00,4,2024,0.00
569,EMP048,1764.00,5,2024,0.00
570,EMP048,1764.00,6,2024,150.00
571,EMP048,1764.00,7,2024,150.00
572,EMP048,1764.00,8,2024,300.00
573,EMP048,,9,2024,150.00
574,EMP048,1764.00,10,2024,200.00
575,EMP048,1764.00,11,2024,100.00
576,EMP048,1764.00,12,2024,0.00
577,EMP049,921.00,1,2024,0.00
578,EMP049,921.00,2,2024,200.00
579,EMP049,921.00,3,2024,100.00
580,EMP049,921.00,4,2024,0.00
581,EMP049,921.00,5,2024,150.00
582,EMP049,921.00,6,2024,0.00
583,EMP049,921.00,7,2024,0.00
584,EMP049,921.00,8,2024,150.00
585,EMP049,921.00,9,2024,300.00
586,EMP049,921.00,10,2024,200.00
587,EMP049,921.00,11,2024,100.00
588,EMP049,921.00,12,2024,300.00
589,EMP050,1996.00,1,2024,100.00
590,EMP050,1996.00,2,2024,0.00
591,EMP050,1996.00,3,2024,0.00
592,EMP050,1996.00,4,2024,150.00
593,EMP050,1996.00,5,2024,0.00
594,EMP050,1996.00,6,2024,300.00
595,EMP050,,7,2024,0.00
596,EMP050,1996.00,8,2024,0.00
597,EMP050,1996.00,9,2024,100.00
598,EMP050,1996.00,10,2024,200.00
599,EMP050,1996.00,11,2024,100.00
600,EMP050,1996.00,12,2024,0.00
601,EMP051,3394.00,1,2024,0.00
602,EMP051,3394.00,2,2024,0.00
603,EMP051,3394.00,3,2024,0.00
604,EMP051,3394.00,4,2024,0.00
605,EMP051,3394.00,5,2024,300.00
606,EMP051,3394.00,6,2024,100.00
607,EMP051,3394.00,7,2024,0.00
608,EMP051,,8,2024,0.00
609,EMP051,3394.00,9,2024,200.00
610,EMP051,3394.00,10,2024,0.00
611,EMP051,3394.00,11,2024,150.00
612,EMP051,3394.00,12,2024,150.00
613,EMP052,2579.00,1,2024,100.00
614,EMP052,2579.00,2,2024,200.00
615,EMP052,2579.00,3,2024,0.00
616,EMP052,2579.00,4,2024,0.00
617,EMP052,,5,2024,150.00
618,EMP052,2579.00,6,2024,200.00
619,EMP052,2579.00,7,2024,100.00
620,EMP052,2579.00,8,2024,0.00
621,EMP052,2579.00,9,2024,300.00
622,EMP052,2579.00,10,2024,150.00
623,EMP052,,11,2024,0.00
624,EMP052,2579.00,12,2024,300.00
625,EMP053,886.00,1,2024,0.00
626,EMP053,886.00,2,2024,100.00
627,EMP053,886.00,3,2024,100.00
628,EMP053,886.00,4,2024,200.00
629,EMP053,,5,2024,150.00
630,EMP053,886.00,6,2024,300.00
631,EMP053,886.00,7,2024,0.00
632,EMP053,886.00,8,2024,0.00
633,EMP053,886.00,9,2024,0.00
634,EMP053,886.00,10,2024,150.00
635,EMP053,886.00,11,2024,100.00
636,EMP053,886.00,12,2024,200.00
637,EMP054,2183.00,1,2024,100.00
638,EMP054,2183.00,2,2024,150.00
639,EMP054,2183.00,3,2024,100.00
640,EMP054,2183.00,4,2024,0.00
641,EMP054,2183.00,5,2024,0.00
642,EMP054,2183.00,6,2024,200.00
643,EMP054,2183.00,7,2024,100.00
644,EMP054,2183.00,8,2024,300.00
645,EMP054,2183.00,9,2024,0.00
646,EMP054,2183.00,10,2024,0.00
647,EMP054,,11,2024,0.00
648,EMP054,2183.00,12,2024,0.00
649,EMP055,2051.00,1,2024,0.00
650,EMP055,2051.00,2,2024,200.00
651,EMP055,2051.00,3,2024,100.00
652,EMP055,,4,2024,0.00
653,EMP055,2051.00,5,2024,0.00
654,EMP055,2051.00,6,2024,300.00
655,EMP055,2051.00,7,2024,0.00
656,EMP055,2051.00,8,2024,0.00
657,EMP055,2051.00,9,2024,200.00
658,EMP055,2051.00,10,2024,300.00
659,EMP055,2051.00,11,2024,300.00
660,EMP055,2051.00,12,2024,300.00
661,EMP056,4107.00,1,2024,100.00
662,EMP056,4107.00,2,2024,150.00
663,EMP056,4107.00,3,2024,150.00
664,EMP056,4107.00,4,2024,200.00
665,EMP056,4107.00,5,2024,0.00
666,EMP056,,6,2024,300.00
667,EMP056,4107.00,7,2024,0.00
668,EMP056,4107.00,8,2024,0.00
669,EMP056,4107.00,9,2024,0.00
670,EMP056,4107.00,10,2024,0.00
671,EMP056,4107.00,11,2024,150.00
672,EMP056,,12,2024,150.00
673,EMP057,4259.00,1,2024,300.00
674,EMP057,4259.00,2,2024,100.00
675,EMP057,4259.00,3,2024,100.00
676,EMP057,4259.00,4,2024,200.00
677,EMP057,4259.00,5,2024,100.00
678,EMP057,4259.00,6,2024,0.00
679,EMP057,4259.00,7,2024,300.00
680,EMP057,4259.00,8,2024,0.00
681,EMP057,4259.00,9,2024,100.00
682,EMP057,4259.00,10,2024,0.00
683,EMP057,4259.00,11,2024,0.00
684,EMP057,4259.00,12,2024,150.00
685,EMP058,1495.00,1,2024,200.00
686,EMP058,,2,2024,100.00
687,EMP058,1495.00,3,2024,0.00
688,EMP058,,4,2024,0.00
689,EMP058,1495.00,5,2024,0.00
690,EMP058,1495.00,6,2024,0.00
691,EMP058,1495.00,7,2024,100.00
692,EMP058,1495.00,8,2024,0.00
693,EMP058,1495.00,9,2024,150.00
694,EMP058,1495.00,10,2024,100.00
695,EMP058,1495.00,11,2024,100.00
696,EMP058,1495.00,12,2024,0.00
697,EMP059,902.00,1,2024,0.00
698,EMP059,902.00,2,2024,0.00
699,EMP059,902.00,3,2024,100.00
700,EMP059,902.00,4,2024,0.00
701,EMP059,902.00,5,2024,150.00
702,EMP059,902.00,6,2024,300.00
703,EMP059,902.00,7,2024,200.00
704,EMP059,902.00,8,2024,150.00
705,EMP059,902.00,9,2024,300.00
706,EMP059,902.00,10,2024,0.00
707,EMP059,902.00,11,2024,100.00
708,EMP059,902.00,12,2024,100.00
709,EMP060,2180.00,1,2024,100.00
710,EMP060,2180.00,2,2024,0.00
711,EMP060,,3,2024,0.00
712,EMP060,2180.00,4,2024,300.00
713,EMP060,2180.00,5,2024,0.00
714,EMP060,2180.00,6,2024,0.00
715,EMP060,2180.00,7,2024,0.00
716,EMP060,2180.00,8,2024,100.00
717,EMP060,2180.00,9,2024,100.00
718,EMP060,2180.00,10,2024,0.00
719,EMP060,2180.00,11,2024,0.00
720,EMP060,2180.00,12,2024,100.00
721,EMP061,1198.00,1,2024,100.00
722,EMP061,1198.00,2,2024,200.00
723,EMP061,1198.00,3,2024,200.00
724,EMP061,,4,2024,300.00
725,EMP061,,5,2024,300.00
726,EMP061,1198.00,6,2024,300.00
727,EMP061,1198.00,7,2024,0.00
728,EMP061,1198.00,8,2024,300.00
729,EMP061,1198.00,9,2024,200.00
730,EMP061,1198.00,10,2024,150.00
731,EMP061,1198.00,11,2024,200.00
732,EMP061,1198.00,12,2024,0.00
733,EMP062,4300.00,1,2024,0.00
734,EMP062,4300.00,2,2024,150.00
735,EMP062,4300.00,3,2024,0.00
736,EMP062,4300.00,4,2024,150.00
737,EMP062,4300.00,5,2024,300.00
738,EMP062,4300.00,6,2024,0.00
739,EMP062,4300.00,7,2024,0.00
740,EMP062,4300.00,8,2024,0.00
741,EMP062,,9,2024,0.00
742,EMP062,4300.00,10,2024,200.00
743,EMP062,4300.00,11,2024,0.00
744,EMP062,4300.00,12,2024,300.00
745,EMP063,1717.00,1,2024,200.00
746,EMP063,1717.00,2,2024,0.00
747,EMP063,1717.00,3,2024,200.00
748,EMP063,1717.00,4,2024,100.00
749,EMP063,,5,2024,0.00
750,EMP063,1717.00,6,2024,100.00
751,EMP063,1717.00,7,2024,200.00
752,EMP063,1717.00,8,2024,200.00
753,EMP063,1717.00,9,2024,200.00
754,EMP063,1717.00,10,2024,150.00
755,EMP063,1717.00,11,2024,0.00
756,EMP063,1717.00,12,2024,0.00
757,EMP064,,1,2024,0.00
758,EMP064,2931.00,2,2024,0.00
759,EMP064,2931.00,3,2024,100.00
760,EMP064,2931.00,4,2024,200.00
761,EMP064,2931.00,5,2024,100.00
762,EMP064,,6,2024,300.00
763,EMP064,2931.00,7,2024,0.00
764,EMP064,2931.00,8,2024,0.00
765,EMP064,2931.00,9,2024,0.00
766,EMP064,2931.00,10,2024,200.00
767,EMP064,2931.00,11,2024,200.00
768,EMP064,2931.00,12,2024,100.00
769,EMP065,1359.00,1,2024,0.00
770,EMP065,1359.00,2,2024,100.00
771,EMP065,1359.00,3,2024,0.00
772,EMP065,1359.00,4,2024,100.00
773,EMP065,,5,2024,150.00
774,EMP065,1359.00,6,2024,150.00
775,EMP065,1359.00,7,2024,100.00
776,EMP065,1359.00,8,2024,0.00
777,EMP065,1359.00,9,2024,100.00
778,EMP065,1359.00,10,2024,0.00
779,EMP065,1359.00,11,2024,150.00
780,EMP065,,12,2024,150.00
781,EMP066,2263.00,1,2024,100.00
782,EMP066,2263.00,2,2024,100.00
783,EMP066,2263.00,3,2024,100.00
784,EMP066,2263.00,4,2024,300.00
785,EMP066,2263.00,5,2024,200.00
786,EMP066,2263.00,6,2024,100.00
787,EMP066,2263.00,7,2024,300.00
788,EMP066,2263.00,8,2024,100.00
789,EMP066,,9,2024,200.00
790,EMP066,2263.00,10,2024,0.00
791,EMP066,2263.00,11,2024,300.00
792,EMP066,2263.00,12,2024,100.00
793,EMP067,1281.00,1,2024,150.00
794,EMP067,1281.00,2,2024,0.00
795,EMP067,1281.00,3,2024,200.00
796,EMP067,1281.00,4,2024,150.00
797,EMP067,1281.00,5,2024,150.00
798,EMP067,1281.00,6,2024,150.00
799,EMP067,1281.00,7,2024,0.00
800,EMP067,1281.00,8,2024,100.00
801,EMP067,,9,2024,0.00
802,EMP067,1281.00,10,2024,200.00
803,EMP067,1281.00,11,2024,0.00
804,EMP067,1281.00,12,2024,0.00
805,EMP068,3019.00,1,2024,0.00
806,EMP068,3019.00,2,2024,100.00
807,EMP068,3019.00,3,2024,150.00
808,EMP068,3019.00,4,2024,0.00
809,EMP068,3019.00,5,2024,0.00
810,EMP068,3019.00,6,2024,0.00
811,EMP068,3019.00,7,2024,150.00
812,EMP068,3019.00,8,2024,0.00
813,EMP068,3019.00,9,2024,100.00
814,EMP068,,10,2024,0.00
815,EMP068,3019.00,11,2024,0.00
816,EMP068,3019.00,12,2024,100.00
817,EMP069,1101.00,1,2024,0.00
818,EMP069,,2,2024,300.00
819,EMP069,1101.00,3,2024,0.00
820,EMP069,1101.00,4,2024,300.00
821,EMP069,1101.00,5,2024,200.00
822,EMP069,1101.00,6,2024,100.00
823,EMP069,1101.00,7,2024,100.00
824,EMP069,1101.00,8,2024,200.00
825,EMP069,1101.00,9,2024,300.00
826,EMP069,1101.00,10,2024,0.00
827,EMP069,1101.00,11,2024,0.00
828,EMP069,1101.00,12,2024,0.00
829,EMP070,1298.00,1,2024,150.00
830,EMP070,1298.00,2,2024,100.00
831,EMP070,1298.00,3,2024,100.00
832,EMP070,1298.00,4,2024,100.00
833,EMP070,1298.00,5,2024,0.00
834,EMP070,1298.00,6,2024,0.00
835,EMP070,1298.00,7,2024,150.00
836,EMP070,1298.00,8,2024,100.00
837,EMP070,1298.00,9,2024,200.00
838,EMP070,1298.00,10,2024,100.00
839,EMP070,1298.00,11,2024,0.00
840,EMP070,1298.00,12,2024,150.00
841,EMP071,1553.00,1,2024,300.00
842,EMP071,1553.00,2,2024,200.00
843,EMP071,1553.00,3,2024,0.00
844,EMP071,,4,2024,100.00
845,EMP071,1553.00,5,2024,100.00
846,EMP071,1553.00,6,2024,100.00
847,EMP071,1553.00,7,2024,0.00
848,EMP071,1553.00,8,2024,150.00
849,EMP071,1553.00,9,2024,0.00
850,EMP071,1553.00,10,2024,200.00
851,EMP071,1553.00,11,2024,300.00
852,EMP071,1553.00,12,2024,0.00
853,EMP072,2973.00,1,2024,300.00
854,EMP072,2973.00,2,2024,200.00
855,EMP072,,3,2024,0.00
856,EMP072,2973.00,4,2024,300.00
857,EMP072,2973.00,5,2024,300.00
858,EMP072,2973.00,6,2024,0.00
859,EMP072,2973.00,7,2024,200.00
860,EMP072,2973.00,8,2024,0.00
861,EMP072,2973.00,9,2024,300.00
862,EMP072,2973.00,10,2024,200.00
863,EMP072,2973.00,11,2024,200.00
864,EMP072,2973.00,12,2024,150.00
865,EMP073,4372.00,1,2024,100.00
866,EMP073,4372.00,2,2024,150.00
867,EMP073,4372.00,3,2024,200.00
868,EMP073,4372.00,4,2024,200.00
869,EMP073,4372.00,5,2024,0.00
870,EMP073,4372.00,6,2024,0.00
871,EMP073,4372.00,7,2024,0.00
872,EMP073,4372.00,8,2024,0.00
873,EMP073,4372.00,9,2024,0.00
874,EMP073,,10,2024,300.00
875,EMP073,,11,2024,0.00
876,EMP073,4372.00,12,2024,300.00
877,EMP074,3572.00,1,2024,0.00
878,EMP074,3572.00,2,2024,0.00
879,EMP074,,3,2024,150.00
880,EMP074,3572.00,4,2024,200.00
881,EMP074,3572.00,5,2024,0.00
882,EMP074,3572.00,6,2024,300.00
883,EMP074,3572.00,7,2024,100.00
884,EMP074,3572.00,8,2024,100.00
885,EMP074,3572.00,9,2024,0.00
886,EMP074,3572.00,10,2024,100.00
887,EMP074,3572.00,11,2024,0.00
888,EMP074,3572.00,12,2024,150.00
889,EMP075,,1,2024,200.00
890,EMP075,2653.00,2,2024,300.00
891,EMP075,2653.00,3,2024,150.00
892,EMP075,2653.00,4,2024,0.00
893,EMP075,2653.00,5,2024,0.00
894,EMP075,2653.00,6,2024,0.00
895,EMP075,2653.00,7,2024,0.00
896,EMP075,2653.00,8,2024,100.00
897,EMP075,2653.00,9,2024,150.00
898,EMP075,2653.00,10,2024,0.00
899,EMP075,2653.00,11,2024,100.00
900,EMP075,2653.00,12,2024,0.00
901,EMP076,2500.00,1,2024,0.00
902,EMP076,2500.00,2,2024,300.00
903,EMP076,,3,2024,200.00
904,EMP076,2500.00,4,2024,0.00
905,EMP076,2500.00,5,2024,300.00
906,EMP076,2500.00,6,2024,200.00
907,EMP076,2500.00,7,2024,0.00
908,EMP076,,8,2024,150.00
909,EMP076,2500.00,9,2024,200.00
910,EMP076,2500.00,10,2024,200.00
911,EMP076,2500.00,11,2024,100.00
912,EMP076,2500.00,12,2024,0.00
913,EMP077,2277.00,1,2024,100.00
914,EMP077,2277.00,2,2024,300.00
915,EMP077,2277.00,3,2024,0.00
916,EMP077,2277.00,4,2024,300.00
917,EMP077,2277.00,5,2024,150.00
918,EMP077,2277.00,6,2024,150.00
919,EMP077,2277.00,7,2024,100.00
920,EMP077,2277.00,8,2024,300.00
921,EMP077,2277.00,9,2024,0.00
922,EMP077,2277.00,10,2024,100.00
923,EMP077,2277.00,11,2024,300.00
924,EMP077,2277.00,12,2024,0.00
925,EMP078,3634.00,1,2024,300.00
926,EMP078,3634.00,2,2024,0.00
927,EMP078,3634.00,3,2024,0.00
928,EMP078,3634.00,4,2024,0.00
929,EMP078,3634.00,5,2024,300.00
930,EMP078,3634.00,6,2024,300.00
931,EMP078,3634.00,7,2024,0.00
932,EMP078,3634.00,8,2024,200.00
933,EMP078,3634.00,9,2024,0.00
934,EMP078,3634.00,10,2024,0.00
935,EMP078,3634.00,11,2024,0.00
936,EMP078,3634.00,12,2024,150.00
937,EMP079,4161.00,1,2024,300.00
938,EMP079,4161.00,2,2024,0.00
939,EMP079,4161.00,3,2024,150.00
940,EMP079,4161.00,4,2024,0.00
941,EMP079,4161.00,5,2024,100.00
942,EMP079,4161.00,6,2024,0.00
943,EMP079,4161.00,7,2024,200.00
944,EMP079,4161.00,8,2024,150.00
945,EMP079,4161.00,9,2024,0.00
946,EMP079,,10,2024,0.00
947,EMP079,4161.00,11,2024,100.00
948,EMP079,4161.00,12,2024,0.00
949,EMP080,3430.00,1,2024,0.00
950,EMP080,3430.00,2,2024,0.00
951,EMP080,3430.00,3,2024,300.00
952,EMP080,3430.00,4,2024,0.00
953,EMP080,3430.00,5,2024,200.00
954,EMP080,3430.00,6,2024,0.00
955,EMP080,3430.00,7,2024,0.00
956,EMP080,3430.00,8,2024,0.00
957,EMP080,3430.00,9,2024,0.00
958,EMP080,3430.00,10,2024,0.00
959,EMP080,3430.00,11,2024,0.00
960,EMP080,3430.00,12,2024,150.00
961,EMP081,2294.00,1,2024,0.00
962,EMP081,2294.00,2,2024,150.00
963,EMP081,2294.00,3,2024,0.00
964,EMP081,,4,2024,100.00
965,EMP081,2294.00,5,2024,100.00
966,EMP081,2294.00,6,2024,200.00
967,EMP081,2294.00,7,2024,150.00
968,EMP081,2294.00,8,2024,300.00
969,EMP081,2294.00,9,2024,0.00
970,EMP081,2294.00,10,2024,100.00
971,EMP081,2294.00,11,2024,200.00
972,EMP081,2294.00,12,2024,300.00
973,EMP082,2117.00,1,2024,0.00
974,EMP082,,2,2024,150.00
975,EMP082,2117.00,3,2024,0.00
976,EMP082,2117.00,4,2024,0.00
977,EMP082,2117.00,5,2024,100.00
978,EMP082,2117.00,6,2024,200.00
979,EMP082,2117.00,7,2024,150.00
980,EMP082,2117.00,8,2024,0.00
981,EMP082,2117.00,9,2024,0.00
982,EMP082,,10,2024,0.00
983,EMP082,2117.00,11,2024,300.00
984,EMP082,2117.00,12,2024,0.00
985,EMP083,4128.00,1,2024,0.00
986,EMP083,,2,2024,150.00
987,EMP083,4128.00,3,2024,0.00
988,EMP083,4128.00,4,2024,150.00
989,EMP083,,5,2024,0.00
990,EMP083,4128.00,6,2024,0.00
991,EMP083,4128.00,7,2024,200.00
992,EMP083,4128.00,8,2024,150.00
993,EMP083,4128.00,9,2024,300.00
994,EMP083,4128.00,10,2024,0.00
995,EMP083,4128.00,11,2024,300.00
996,EMP083,4128.00,12,2024,100.00
997,EMP084,1414.00,1,2024,100.00
998,EMP084,1414.00,2,2024,100.00
999,EMP084,1414.00,3,2024,150.00
1000,EMP084,1414.00,4,2024,0.00
1001,EMP084,,5,2024,300.00
1002,EMP084,1414.00,6,2024,200.00
1003,EMP084,1414.00,7,2024,150.00
1004,EMP084,1414.00,8,2024,150.00
1005,EMP084,1414.00,9,2024,150.00
1006,EMP084,,10,2024,100.00
1007,EMP084,1414.00,11,2024,0.00
1008,EMP084,1414.00,12,2024,150.00
1009,EMP085,2824.00,1,2024,300.00
1010,EMP085,2824.00,2,2024,0.00
1011,EMP085,2824.00,3,2024,100.00
1012,EMP085,2824.00,4,2024,100.00
1013,EMP085,2824.00,5,2024,0.00
1014,EMP085,2824.00,6,2024,0.00
1015,EMP085,2824.00,7,2024,0.00
1016,EMP085,2824.00,8,2024,200.00
1017,EMP085,2824.00,9,2024,0.00
1018,EMP085,2824.00,10,2024,100.00
1019,EMP085,2824.00,11,2024,0.00
1020,EMP085,2824.00,12,2024,0.00
1021,EMP086,3003.00,1,2024,0.00
1022,EMP086,3003.00,2,2024,0.00
1023,EMP086,3003.00,3,2024,0.00
1024,EMP086,3003.00,4,2024,0.00
1025,EMP086,3003.00,5,2024,0.00
1026,EMP086,3003.00,6,2024,100.00
1027,EMP086,3003.00,7,2024,300.00
1028,EMP086,3003.00,8,2024,0.00
1029,EMP086,3003.00,9,2024,100.00
1030,EMP086,3003.00,10,2024,0.00
1031,EMP086,3003.00,11,2024,150.00
1032,EMP086,3003.00,12,2024,150.00
1033,EMP087,2930.00,1,2024,300.00
1034,EMP087,2930.00,2,2024,200.00
1035,EMP087,2930.00,3,2024,150.00
1036,EMP087,2930.00,4,2024,0.00
1037,EMP087,2930.00,5,2024,200.00
1038,EMP087,2930.00,6,2024,200.00
1039,EMP087,2930.00,7,2024,150.00
1040,EMP087,2930.00,8,2024,200.00
1041,EMP087,2930.00,9,2024,200.00
1042,EMP087,2930.00,10,2024,0.00
1043,EMP087,2930.00,11,2024,100.00
1044,EMP087,,12,2024,0.00
1045,EMP088,4285.00,1,2024,100.00
1046,EMP088,4285.00,2,2024,100.00
1047,EMP088,4285.00,3,2024,300.00
1048,EMP088,4285.00,4,2024,100.00
1049,EMP088,4285.00,5,2024,150.00
1050,EMP088,4285.00,6,2024,100.00
1051,EMP088,4285.00,7,2024,100.00
1052,EMP088,,8,2024,0.00
1053,EMP088,4285.00,9,2024,300.00
1054,EMP088,4285.00,10,2024,0.00
1055,EMP088,4285.00,11,2024,0.00
1056,EMP088,4285.00,12,2024,0.00
1057,EMP089,2758.00,1,2024,200.00
1058,EMP089,2758.00,2,2024,100.00
1059,EMP089,,3,2024,0.00
1060,EMP089,2758.00,4,2024,200.00
1061,EMP089,2758.00,5,2024,0.00
1062,EMP089,2758.00,6,2024,0.00
1063,EMP089,2758.00,7,2024,0.00
1064,EMP089,2758.00,8,2024,0.00
1065,EMP089,2758.00,9,2024,0.00
1066,EMP089,2758.00,10,2024,0.00
1067,EMP089,2758.00,11,2024,300.00
1068,EMP089,2758.00,12,2024,150.00
1069,EMP090,1895.00,1,2024,0.00
1070,EMP090,1895.00,2,2024,150.00
1071,EMP090,1895.00,3,2024,100.00
1072,EMP090,,4,2024,100.00
1073,EMP090,1895.00,5,2024,300.00
1074,EMP090,1895.00,6,2024,100.00
1075,EMP090,1895.00,7,2024,150.00
1076,EMP090,1895.00,8,2024,200.00
1077,EMP090,1895.00,9,2024,150.00
1078,EMP090,1895.00,10,2024,150.00
1079,EMP090,,11,2024,100.00
1080,EMP090,1895.00,12,2024,0.00
1081,EMP091,,1,2024,150.00
1082,EMP091,3595.00,2,2024,100.00
1083,EMP091,3595.00,3,2024,100.00
1084,EMP091,3595.00,4,2024,150.00
1085,EMP091,3595.00,5,2024,200.00
1086,EMP091,3595.00,6,2024,0.00
1087,EMP091,3595.00,7,2024,300.00
1088,EMP091,3595.00,8,2024,200.00
1089,EMP091,3595.00,9,2024,0.00
1090,EMP091,3595.00,10,2024,200.00
1091,EMP091,3595.00,11,2024,0.00
1092,EMP091,3595.00,12,2024,200.00
1093,EMP092,3940.00,1,2024,0.00
1094,EMP092,,2,2024,0.00
1095,EMP092,3940.00,3,2024,0.00
1096,EMP092,3940.00,4,2024,200.00
1097,EMP092,3940.00,5,2024,0.00
1098,EMP092,3940.00,6,2024,0.00
1099,EMP092,3940.00,7,2024,0.00
1100,EMP092,3940.00,8,2024,150.00
1101,EMP092,3940.00,9,2024,200.00
1102,EMP092,3940.00,10,2024,300.00
1103,EMP092,3940.00,11,2024,300.00
1104,EMP092,3940.00,12,2024,0.00
1105,EMP093,1401.00,1,2024,0.00
1106,EMP093,1401.00,2,2024,0.00
1107,EMP093,1401.00,3,2024,0.00
1108,EMP093,1401.00,4,2024,0.00
1109,EMP093,1401.00,5,2024,300.00
1110,EMP093,1401.00,6,2024,0.00
1111,EMP093,1401.00,7,2024,200.00
1112,EMP093,1401.00,8,2024,200.00
1113,EMP093,1401.00,9,2024,100.00
1114,EMP093,1401.00,10,2024,300.00
1115,EMP093,1401.00,11,2024,200.00
1116,EMP093,1401.00,12,2024,0.00
1117,EMP094,2466.00,1,2024,100.00
1118,EMP094,2466.00,2,2024,0.00
1119,EMP094,2466.00,3,2024,0.00
1120,EMP094,2466.00,4,2024,0.00
1121,EMP094,2466.00,5,2024,200.00
1122,EMP094,2466.00,6,2024,100.00
1123,EMP094,2466.00,7,2024,300.00
1124,EMP094,2466.00,8,2024,0.00
1125,EMP094,2466.00,9,2024,0.00
1126,EMP094,2466.00,10,2024,0.00
1127,EMP094,2466.00,11,2024,100.00
1128,EMP094,2466.00,12,2024,100.00
1129,EMP095,,1,2024,0.00
1130,EMP095,3274.00,2,2024,0.00
1131,EMP095,3274.00,3,2024,0.00
1132,EMP095,3274.00,4,2024,150.00
1133,EMP095,3274.00,5,2024,150.00
1134,EMP095,3274.00,6,2024,150.00
1135,EMP095,3274.00,7,2024,100.00
1136,EMP095,3274.00,8,2024,0.00
1137,EMP095,,9,2024,300.00
1138,EMP095,,10,2024,100.00
1139,EMP095,3274.00,11,2024,200.00
1140,EMP095,3274.00,12,2024,100.00
1141,EMP096,2757.00,1,2024,200.00
1142,EMP096,2757.00,2,2024,200.00
1143,EMP096,2757.00,3,2024,100.00
1144,EMP096,2757.00,4,2024,0.00
1145,EMP096,2757.00,5,2024,100.00
1146,EMP096,2757.00,6,2024,200.00
1147,EMP096,2757.00,7,2024,0.00
1148,EMP096,2757.00,8,2024,100.00
1149,EMP096,2757.00,9,2024,150.00
1150,EMP096,2757.00,10,2024,100.00
1151,EMP096,2757.00,11,2024,300.00
1152,EMP096,,12,2024,150.00
1153,EMP097,3862.00,1,2024,0.00
1154,EMP097,3862.00,2,2024,150.00
1155,EMP097,3862.00,3,2024,0.00
1156,EMP097,,4,2024,0.00
1157,EMP097,,5,2024,150.00
1158,EMP097,3862.00,6,2024,0.00
1159,EMP097,3862.00,7,2024,0.00
1160,EMP097,3862.00,8,2024,100.00
1161,EMP097,3862.00,9,2024,100.00
1162,EMP097,3862.00,10,2024,300.00
1163,EMP097,,11,2024,0.00
1164,EMP097,3862.00,12,2024,200.00
1165,EMP098,2038.00,1,2024,300.00
1166,EMP098,,2,2024,200.00
1167,EMP098,2038.00,3,2024,0.00
1168,EMP098,2038.00,4,2024,0.00
1169,EMP098,2038.00,5,2024,150.00
1170,EMP098,2038.00,6,2024,200.00
1171,EMP098,2038.00,7,2024,300.00
1172,EMP098,2038.00,8,2024,150.00
1173,EMP098,2038.00,9,2024,0.00
1174,EMP098,2038.00,10,2024,0.00
1175,EMP098,2038.00,11,2024,0.00
1176,EMP098,2038.00,12,2024,150.00
1177,EMP099,993.00,1,2024,200.00
1178,EMP099,993.00,2,2024,0.00
1179,EMP099,993.00,3,2024,100.00
1180,EMP099,993.00,4,2024,300.00
1181,EMP099,993.00,5,2024,100.00
1182,EMP099,993.00,6,2024,0.00
1183,EMP099,993.00,7,2024,300.00
1184,EMP099,,8,2024,0.00
1185,EMP099,993.00,9,2024,0.00
1186,EMP099,993.00,10,2024,200.00
1187,EMP099,993.00,11,2024,0.00
1188,EMP099,993.00,12,2024,0.00
1189,EMP100,3719.00,1,2024,200.00
1190,EMP100,3719.00,2,2024,200.00
1191,EMP100,3719.00,3,2024,100.00
1192,EMP100,,4,2024,0.00
1193,EMP100,3719.00,5,2024,0.00
1194,EMP100,3719.00,6,2024,150.00
1195,EMP100,3719.00,7,2024,0.00
1196,EMP100,3719.00,8,2024,100.00
1197,EMP100,3719.00,9,2024,0.00
1198,EMP100,3719.00,10,2024,200.00
1199,EMP100,3719.00,11,2024,0.00
1200,EMP100,3719.00,12,2024,100.00
